name: pythonStata
channels:
  - conda-forge
  - defaults
dependencies:
  - ca-certificates=2021.10.8=h5b45459_0
  - certifi=2021.10.8=py39hcbf5309_0
  - intel-openmp=2021.4.0=h57928b3_3556
  - libblas=3.9.0=12_win64_mkl
  - libcblas=3.9.0=12_win64_mkl
  - liblapack=3.9.0=12_win64_mkl
  - mkl=2021.4.0=h0e2418a_729
  - numpy=1.21.2=py39h6635163_0
  - openssl=3.0.0=h8ffe710_1
  - pandas=1.3.4=py39h2e25243_0
  - pip=21.3.1=pyhd8ed1ab_0
  - python=3.9.7=h900ac77_3_cpython
  - python-dateutil=2.8.2=pyhd8ed1ab_0
  - python_abi=3.9=2_cp39
  - pytz=2021.3=pyhd8ed1ab_0
  - setuptools=58.3.0=py39hcbf5309_0
  - six=1.16.0=pyh6c4a22f_0
  - sqlite=3.36.0=h8ffe710_2
  - tbb=2021.4.0=h2d74725_0
  - tzdata=2021e=he74cb21_0
  - ucrt=10.0.20348.0=h57928b3_0
  - vc=14.2=hb210afc_5
  - vs2015_runtime=14.29.30037=h902a5da_5
  - wheel=0.37.0=pyhd8ed1ab_1
  - pip:
    - duckdb==0.3.0
    - duckdb-engine==0.1.7
    - greenlet==1.1.2
    - sqlalchemy==1.4.25
prefix: C:\Users\jenniferco\Miniconda3\envs\pythonStata
